0.00,125.75,120.93,32.32,154.98,112.97,186.23,18.05,36.94,121.40,59.60,70.75,308.97,95.00,72.02,39.49,231.96,156.22,106.59,67.20,226.32,123.68,103.83,67.74,45.41,47.87,124.38,57.06,107.37,52.79,238.38,137.73,56.96,66.97,61.14,66.34,92.38,117.82,103.24,82.03,154.66,93.56,92.91,53.38,50.76,133.70,74.84,160.52,149.58,179.88,82.73,30.45,172.13,47.62,105.32,119.33,126.16,28.34,28.29,77.63,84.53,27.06,153.89,72.47,149.53,72.08,160.36,130.25,100.73,36.59,182.01,82.97,127.42,88.29,67.45,33.43,69.32,57.42,90.69,36.65,147.87,158.20,49.21,32.59,74.37,104.54,127.35,128.39,97.26,91.24,194.19,18.70,48.80,71.33,88.95,111.19,25.42,60.32,78.93,86.11
125.75,0.00,223.46,124.35,46.39,214.24,62.61,128.06,119.31,12.75,170.49,192.74,184.16,115.26,186.86,122.49,113.09,32.60,112.12,74.15,100.57,6.08,213.71,162.80,147.90,77.88,30.21,78.73,22.89,76.91,123.22,253.93,99.57,60.87,71.67,62.06,218.13,46.50,43.66,203.14,60.39,35.50,173.63,173.71,136.17,20.31,57.95,40.92,43.28,54.13,45.65,100.90,268.44,132.91,26.21,225.52,25.96,131.66,110.65,61.10,187.55,142.59,28.14,135.71,260.67,154.26,44.55,34.05,138.59,142.43,56.26,62.16,239.05,186.19,165.54,97.53,66.17,75.68,42.83,93.48,29.45,263.56,124.87,93.16,61.82,31.92,253.10,48.86,61.74,204.58,105.58,114.88,120.48,188.62,180.40,29.05,110.68,77.21,47.72,138.43
120.93,223.46,0.00,107.37,256.46,16.45,282.10,104.74,118.41,221.87,69.71,62.81,406.68,192.71,51.71,107.52,325.38,250.53,204.30,154.73,324.02,221.39,23.77,63.09,91.37,147.79,219.80,156.35,207.07,149.53,329.78,44.11,154.67,162.58,168.15,176.91,61.82,215.53,202.85,58.20,262.18,187.96,75.08,92.43,100.24,226.26,171.17,253.96,243.74,277.58,194.76,128.16,58.17,112.76,203.03,14.15,223.87,95.21,117.82,175.59,38.63,101.89,251.60,170.18,56.51,74.24,257.88,226.84,198.44,86.18,279.72,180.68,26.95,52.96,70.66,127.49,163.17,148.49,188.78,131.97,245.07,51.11,146.80,130.29,174.30,201.55,29.64,226.10,194.97,40.92,307.36,109.96,146.51,73.35,59.87,208.90,117.22,157.00,176.71,183.82
32.32,124.35,107.37,0.00,156.32,95.55,184.28,15.55,15.34,118.78,54.40,76.65,305.84,85.34,70.77,14.80,234.21,154.27,96.93,78.57,216.66,120.27,97.62,49.43,26.23,57.54,138.20,74.59,122.27,61.68,240.08,137.06,47.30,71.74,71.94,88.81,102.04,108.16,98.43,87.05,179.90,100.39,60.60,57.62,20.00,127.55,70.15,160.93,153.19,170.22,104.97,23.44,146.77,15.42,98.97,109.43,118.85,15.57,17.15,71.30,71.46,31.37,148.92,62.81,139.00,44.63,164.06,128.31,91.07,26.34,172.36,73.35,120.12,64.32,45.40,37.03,82.41,64.02,105.68,46.76,146.28,147.46,39.43,32.90,74.95,111.60,137.01,118.73,87.60,88.49,225.08,21.34,39.14,72.53,56.64,104.06,19.27,55.56,81.64,76.45
154.98,46.39,256.46,156.32,0.00,244.50,35.80,157.28,158.21,40.03,199.72,221.97,157.35,157.68,216.09,161.72,84.61,37.93,154.54,105.41,71.34,45.21,242.93,193.37,174.72,108.67,40.32,107.96,52.12,110.35,87.94,282.38,141.67,95.83,105.95,96.90,247.36,88.92,76.39,232.37,25.47,69.36,211.00,202.93,173.43,50.05,95.14,13.27,16.96,71.73,74.87,134.27,300.97,165.70,59.94,254.75,67.28,161.25,147.72,89.88,220.60,171.81,33.47,178.13,287.48,192.77,12.42,78.89,181.01,171.66,34.35,99.70,265.87,213.95,192.19,138.32,95.72,110.68,73.32,126.01,27.54,292.78,167.29,130.89,96.14,67.25,282.33,91.28,104.16,233.81,68.77,146.89,162.90,217.84,212.61,60.94,149.90,114.33,79.75,180.85
112.97,214.24,16.45,95.55,244.50,0.00,276.85,95.94,106.59,209.71,65.48,64.89,398.40,180.89,40.95,99.40,322.58,246.84,192.48,153.50,312.20,211.74,13.30,52.74,79.21,139.23,215.14,153.04,202.82,140.96,329.00,42.14,142.85,157.59,159.12,171.93,65.12,203.71,190.70,58.56,257.10,184.04,63.25,95.73,88.42,214.44,159.60,251.14,240.20,265.76,189.97,116.34,62.92,100.93,191.54,15.67,212.05,88.30,106.00,163.52,34.23,103.03,241.49,158.35,51.80,64.31,250.98,220.88,186.62,92.20,267.90,168.86,26.02,40.81,58.50,124.05,160.06,148.04,187.99,125.75,238.49,55.06,134.97,121.69,164.25,198.10,41.46,214.28,183.14,43.85,304.05,100.57,134.69,72.67,48.05,197.08,111.84,145.61,166.52,172.00
186.23,62.61,282.10,184.28,35.80,276.85,0.00,189.92,175.57,74.03,229.14,251.39,126.53,151.22,248.23,177.45,77.87,35.24,153.03,132.79,49.90,65.12,276.17,225.41,210.51,139.50,69.73,137.37,81.53,135.89,88.35,316.54,147.33,119.52,126.69,120.49,276.77,91.09,91.69,261.79,48.52,94.14,229.97,232.35,197.54,72.98,117.25,28.14,38.37,62.42,104.29,163.06,331.05,190.23,85.32,287.21,67.82,191.63,171.44,121.17,246.20,201.23,35.37,174.60,323.28,212.55,25.87,66.65,171.71,201.08,32.45,112.53,301.66,248.60,227.99,154.61,124.81,134.32,101.47,152.12,38.36,325.74,164.83,155.16,114.50,83.83,311.74,89.08,102.28,263.22,71.81,177.49,167.27,247.26,240.26,90.77,165.01,131.24,110.33,171.55
18.05,128.06,104.74,15.55,157.28,95.94,189.92,0.00,23.01,123.71,43.95,64.69,311.47,97.31,58.81,23.07,235.65,159.91,108.90,70.64,228.62,125.99,86.80,50.97,27.37,50.59,128.08,61.55,112.07,57.49,242.07,126.62,59.27,70.66,63.45,75.99,90.07,120.13,105.55,75.09,165.93,97.11,76.14,45.65,33.99,134.73,75.88,164.21,153.27,182.18,94.04,32.76,154.09,30.84,107.63,102.46,128.47,11.68,22.42,79.94,68.88,15.82,156.20,74.77,133.36,55.31,164.05,133.94,103.04,19.93,184.32,85.28,111.74,70.24,50.67,37.12,72.81,61.39,94.38,40.66,151.56,141.16,51.39,34.89,76.67,108.23,125.04,130.70,99.56,76.52,211.11,19.73,51.11,60.56,72.18,113.50,24.91,61.60,81.23,88.42
36.94,119.31,118.41,15.34,158.21,106.59,175.57,23.01,0.00,118.43,65.44,87.69,297.12,74.30,81.81,14.24,230.88,145.56,85.89,83.19,211.20,122.07,108.66,56.96,34.94,62.16,142.82,79.21,123.64,62.09,241.64,148.10,42.93,69.93,72.31,87.00,113.08,97.24,99.91,98.09,178.09,105.01,62.85,68.66,24.71,124.78,70.72,154.81,155.88,159.18,103.99,25.82,155.48,21.99,102.73,120.47,117.58,26.61,17.17,75.56,82.50,37.54,144.59,51.77,149.98,49.61,163.19,119.60,80.03,37.38,166.33,74.28,131.16,74.85,54.36,31.37,87.03,67.24,103.87,51.38,148.76,158.51,28.49,32.17,77.44,111.29,148.05,107.69,81.44,99.53,223.27,25.96,31.21,83.57,69.06,105.22,17.87,52.09,84.13,65.41
121.40,12.75,221.87,118.78,40.03,209.71,74.03,123.71,118.43,0.00,166.15,188.40,195.58,117.87,182.52,127.35,122.62,44.02,114.74,70.82,104.91,10.07,209.36,158.78,136.48,74.08,27.60,74.39,18.54,75.76,126.18,248.81,101.86,60.46,71.60,62.55,213.79,49.12,37.08,198.80,62.61,34.77,171.19,169.36,134.17,21.15,60.54,49.34,47.65,58.47,41.30,96.93,261.71,125.90,25.58,221.17,31.32,127.32,111.56,50.85,186.00,138.24,38.66,138.33,250.68,158.41,50.17,43.74,141.20,138.09,60.61,59.89,231.87,174.70,153.96,103.73,61.83,76.09,38.97,91.41,35.67,259.21,127.49,95.52,61.00,32.41,248.75,51.47,64.36,200.23,107.80,112.30,123.10,184.27,173.59,21.68,115.54,79.90,45.15,141.04
59.60,170.49,69.71,54.40,199.72,65.48,229.14,43.95,65.44,166.15,0.00,27.76,353.71,139.74,32.49,54.55,272.41,197.56,151.34,96.35,271.06,168.43,56.13,29.24,33.14,92.61,159.40,91.83,147.60,93.58,276.82,97.45,101.70,109.62,107.35,116.12,50.42,162.56,147.99,39.88,192.46,134.99,54.41,30.27,47.27,173.29,118.21,200.99,190.77,224.62,133.97,75.20,127.55,59.79,150.06,72.77,170.90,38.83,64.86,122.38,35.55,39.45,198.64,117.21,109.79,33.58,204.92,173.87,145.48,34.02,226.76,127.71,83.16,46.48,28.94,74.52,104.32,94.82,127.67,77.01,192.10,113.00,93.83,77.33,119.11,145.31,85.84,173.14,142.00,38.75,243.66,57.36,93.54,26.40,50.45,155.93,64.26,104.04,123.67,130.85
70.75,192.74,62.81,76.65,221.97,64.89,251.39,64.69,87.69,188.40,27.76,0.00,375.96,162.00,27.07,76.80,294.66,219.81,173.59,122.48,293.31,190.68,51.59,30.74,55.39,114.86,182.24,116.44,169.86,115.83,299.96,86.78,123.96,131.87,128.14,130.89,25.39,184.81,170.24,13.00,211.43,157.25,53.83,32.50,69.52,195.54,140.46,223.25,213.02,246.87,147.10,97.45,119.76,82.04,172.32,68.89,193.15,61.08,87.11,144.63,32.60,53.78,220.89,139.46,106.82,43.52,227.17,196.12,167.73,52.71,249.01,149.97,74.77,45.90,35.12,96.78,127.90,119.00,152.27,99.26,214.35,107.54,116.08,99.58,141.36,167.56,60.35,195.39,164.25,22.04,256.41,79.25,115.79,15.45,49.87,178.18,86.51,126.29,145.92,153.10
308.97,184.16,406.68,305.84,157.35,398.40,126.53,311.47,297.12,195.58,353.71,375.96,0.00,274.73,370.08,299.16,81.30,161.57,276.54,257.36,101.66,186.67,397.73,346.96,332.07,261.10,194.31,261.95,206.11,260.13,76.89,438.09,269.08,244.09,248.25,245.07,401.35,214.60,213.44,386.36,173.09,218.72,351.53,356.92,319.10,194.53,238.81,152.72,162.94,183.66,228.86,284.61,452.60,311.78,206.87,408.76,189.01,314.88,293.00,242.73,370.77,325.81,156.92,298.11,444.83,334.10,148.79,192.37,292.95,325.65,151.94,234.08,423.21,370.15,349.54,279.19,249.39,258.89,226.04,276.70,161.61,447.30,286.58,276.72,236.05,208.40,436.32,212.59,224.03,387.80,123.79,299.04,289.02,371.83,361.81,212.32,289.45,252.90,231.88,292.78
95.00,115.26,192.71,85.34,157.68,180.89,151.22,97.31,74.30,117.87,139.74,162.00,274.73,0.00,156.11,85.19,226.25,127.69,16.53,85.85,180.83,114.44,182.96,131.26,106.61,64.81,145.47,81.86,126.30,64.74,236.72,222.40,38.04,71.76,61.19,84.35,187.38,68.76,81.28,172.39,174.89,107.66,117.63,142.96,92.47,121.09,70.51,154.46,158.54,106.22,106.63,64.55,226.58,79.96,100.26,194.77,93.80,100.92,74.89,71.51,156.81,111.84,125.72,26.43,224.28,118.47,152.22,84.67,23.33,111.69,130.69,57.98,205.47,142.37,126.88,65.22,89.68,69.89,105.78,62.73,135.20,232.81,45.91,62.42,63.45,100.62,222.35,66.40,56.22,173.83,220.18,82.75,46.20,157.87,132.84,99.67,75.49,50.89,86.78,23.96
72.02,186.86,51.71,70.77,216.09,40.95,248.23,58.81,81.81,182.52,32.49,27.07,370.08,156.11,0.00,70.92,293.96,218.22,167.71,124.77,287.43,184.80,31.81,24.85,49.51,108.98,183.46,116.93,168.97,112.87,300.38,68.31,118.07,128.97,122.25,130.98,31.27,178.93,164.36,20.74,217.99,155.42,38.48,57.91,63.64,190.86,134.58,222.52,211.58,240.99,149.03,91.57,102.03,76.16,166.43,47.30,187.27,57.58,81.23,138.75,13.40,65.41,215.01,133.58,79.75,37.64,222.37,192.26,161.85,61.23,243.13,144.08,55.40,18.83,29.24,95.43,128.33,119.42,152.70,96.99,209.87,87.47,110.20,93.70,135.48,166.54,66.24,189.51,158.37,20.11,263.17,75.86,109.91,34.85,23.27,172.30,83.22,120.41,140.04,147.22
39.49,122.49,107.52,14.80,161.72,99.40,177.45,23.07,14.24,127.35,54.55,76.80,299.16,85.19,70.92,0.00,234.48,147.44,96.79,85.74,220.56,123.96,98.72,47.96,33.06,64.83,145.37,81.76,126.20,64.64,241.99,139.09,52.30,73.63,74.40,90.70,102.19,108.01,107.94,87.20,181.78,107.56,58.77,57.77,20.09,135.26,73.87,156.57,158.43,170.07,106.85,32.55,153.60,17.91,105.31,109.76,122.27,16.59,23.33,83.77,71.61,38.54,146.94,62.66,145.83,37.19,165.94,121.47,90.93,26.49,175.69,82.87,124.21,71.15,50.54,33.92,89.58,69.79,107.57,53.93,149.12,148.29,39.28,35.28,79.39,113.48,137.16,118.59,90.80,88.64,226.97,30.99,40.57,72.68,63.83,114.27,17.07,56.34,88.68,76.30
231.96,113.09,325.38,234.21,84.61,322.58,77.87,235.65,230.88,122.62,272.41,294.66,81.30,226.25,293.96,234.48,0.00,98.56,223.11,176.06,52.07,114.36,321.90,271.14,256.24,185.23,113.01,180.65,124.99,181.62,13.75,362.27,210.24,164.99,178.90,165.62,320.05,157.66,151.42,305.66,91.79,138.54,286.20,275.63,249.26,124.24,171.04,77.91,82.38,140.29,149.22,210.77,376.78,242.77,136.09,332.94,135.85,237.36,218.91,170.96,291.56,244.51,100.52,246.70,369.01,267.35,77.93,141.79,249.58,244.35,102.92,169.92,347.39,296.05,275.40,203.32,168.09,177.60,144.75,196.98,93.03,371.47,235.86,201.88,169.58,133.46,355.02,159.85,172.73,306.50,42.50,223.22,231.47,292.18,290.26,138.92,219.94,190.30,156.06,249.42
156.22,32.60,250.53,154.27,37.93,246.84,35.24,159.91,145.56,44.02,197.56,219.81,161.57,127.69,218.22,147.44,98.56,0.00,124.56,101.21,85.14,35.10,246.16,195.40,180.50,109.49,38.16,105.80,49.96,105.88,109.03,286.53,124.42,89.25,99.98,89.88,245.20,60.21,68.50,230.21,47.20,62.80,201.68,200.78,167.53,42.97,87.24,26.77,30.84,41.74,73.48,133.05,301.04,160.95,55.30,257.20,50.80,161.62,141.43,91.16,215.82,169.66,12.41,148.15,293.27,182.53,32.13,43.23,151.03,169.50,40.27,88.32,271.65,218.59,197.98,123.04,93.24,102.75,69.90,121.24,13.91,295.73,143.47,125.15,87.72,55.79,280.17,61.29,85.12,231.65,92.49,147.48,142.08,216.44,210.25,60.76,135.00,101.23,80.32,150.86
106.59,112.12,204.30,96.93,154.54,192.48,153.03,108.90,85.89,114.74,151.34,173.59,276.54,16.53,167.71,96.79,223.11,124.56,0.00,82.71,182.63,111.30,194.55,142.85,118.20,61.68,142.33,78.73,123.16,61.60,233.59,233.99,51.53,68.62,58.94,81.22,198.98,65.62,79.76,183.99,171.75,104.53,129.23,154.55,104.06,117.95,67.38,151.33,155.40,100.61,103.49,76.14,238.17,91.55,97.13,206.36,95.60,112.51,86.48,68.38,168.40,123.43,124.81,36.14,235.87,130.07,151.06,86.48,26.47,123.28,132.50,58.23,217.06,153.97,138.47,76.81,86.54,66.75,102.65,74.33,133.17,244.40,60.95,74.01,61.14,98.60,233.94,63.95,58.03,185.42,217.05,94.34,57.79,169.46,144.44,96.53,87.08,47.76,83.64,32.98
67.20,74.15,154.73,78.57,105.41,153.50,132.79,70.64,83.19,70.82,96.35,122.48,257.36,85.85,124.77,85.74,176.06,101.21,82.71,0.00,174.71,72.08,150.84,114.00,92.25,21.51,67.72,11.63,55.09,23.06,180.47,191.21,69.84,14.09,32.22,25.86,145.14,66.22,51.81,134.60,107.44,38.65,139.17,99.56,97.01,76.94,21.86,104.65,94.42,128.27,43.72,59.45,212.57,93.87,53.72,161.88,74.56,70.84,74.54,26.03,122.27,68.70,102.29,106.30,200.68,118.34,108.57,77.52,109.18,71.46,130.41,31.37,176.33,132.13,116.79,51.82,10.98,15.96,36.60,32.30,95.75,200.41,95.46,53.94,23.26,50.50,180.55,76.79,45.65,133.46,154.90,57.86,91.07,121.12,135.21,59.59,69.97,34.95,27.32,109.02
226.32,100.57,324.02,216.66,71.34,312.20,49.90,228.62,211.20,104.91,271.06,293.31,101.66,180.83,287.43,220.56,52.07,85.14,182.63,174.71,0.00,102.63,314.27,262.57,237.92,178.45,111.65,179.30,123.45,177.48,62.54,353.72,173.72,161.44,165.17,162.42,318.70,126.86,123.07,303.71,90.44,136.06,256.80,274.27,224.37,100.35,154.15,70.70,80.29,88.23,146.21,195.86,357.89,217.05,120.99,326.08,100.16,232.23,206.20,148.68,288.12,243.15,73.62,204.20,355.59,249.79,66.14,115.83,197.51,243.00,50.85,143.34,336.78,275.42,258.19,197.33,166.74,176.24,143.39,194.05,78.96,364.12,193.98,193.73,151.95,125.75,353.66,118.68,129.76,305.14,46.01,214.06,193.74,289.18,267.08,117.59,207.45,173.35,147.39,197.35
123.68,6.08,221.39,120.27,45.21,211.74,65.12,125.99,122.07,10.07,168.43,190.68,186.67,114.44,184.80,123.96,114.36,35.10,111.30,72.08,102.63,0.00,211.64,160.30,145.40,75.81,31.03,76.67,20.82,74.85,122.28,251.42,98.43,58.81,67.46,59.79,216.07,45.68,37.57,201.08,60.45,33.43,173.87,171.64,137.81,25.95,59.47,46.69,45.81,56.19,43.58,98.65,265.93,128.71,23.76,223.45,24.04,129.60,106.34,56.60,185.49,140.52,30.21,134.89,258.16,155.02,43.79,33.67,137.77,140.37,58.33,56.46,236.54,183.48,162.87,100.73,64.11,73.61,40.76,91.42,26.76,261.49,124.05,91.10,55.73,28.27,251.03,48.04,60.92,202.51,105.75,112.37,119.66,186.55,176.56,25.65,111.88,78.48,45.22,137.61
103.83,213.71,23.77,97.62,242.93,13.30,276.17,86.80,108.66,209.36,56.13,51.59,397.73,182.96,31.81,98.72,321.90,246.16,194.55,150.84,314.27,211.64,0.00,51.70,76.35,136.67,210.61,144.81,196.92,140.28,328.32,41.92,144.92,156.91,149.98,162.79,51.82,205.78,191.20,45.26,247.03,183.36,65.32,82.43,90.49,216.51,161.42,250.46,239.52,267.83,180.83,118.41,72.99,103.00,193.28,18.99,214.12,84.54,108.07,165.59,30.35,89.73,241.85,160.42,56.64,64.48,250.31,220.20,188.69,84.65,269.97,170.93,27.62,40.58,56.08,123.37,156.27,147.36,180.64,124.93,237.81,58.71,137.04,121.01,162.32,194.48,39.39,216.35,185.21,30.54,294.91,100.21,136.76,59.36,50.12,199.15,111.16,147.25,166.88,174.07
67.74,162.80,63.09,49.43,193.37,52.74,225.41,50.97,56.96,158.78,29.24,30.74,346.96,131.26,24.85,47.96,271.14,195.40,142.85,114.00,262.57,160.30,51.70,0.00,35.05,92.97,173.62,110.02,154.45,95.67,277.56,91.14,93.22,106.15,106.38,120.72,56.12,154.08,139.77,41.13,211.81,138.32,25.17,59.49,40.53,173.78,114.92,199.70,192.56,216.14,137.23,66.71,109.21,51.31,141.58,63.51,162.42,44.84,56.37,115.21,27.22,66.80,190.15,108.73,97.87,12.87,199.54,169.44,136.99,51.01,218.27,119.23,76.25,25.35,9.38,73.52,117.83,101.68,137.59,83.35,187.05,101.55,85.35,70.25,111.50,145.36,91.09,164.65,133.52,42.57,256.99,59.39,85.06,36.43,24.39,147.45,60.40,100.40,116.60,122.37
45.41,147.90,91.37,26.23,174.72,79.21,210.51,27.37,34.94,136.48,33.14,55.39,332.07,106.61,49.51,33.06,256.24,180.50,118.20,92.25,237.92,145.40,76.35,35.05,0.00,73.88,151.37,87.47,135.66,80.78,262.66,115.79,68.57,91.25,87.85,102.21,80.77,132.18,118.82,65.79,193.29,119.47,50.45,36.35,14.14,142.36,93.26,184.80,174.80,191.48,118.70,47.46,127.74,26.65,125.20,89.09,145.08,21.42,39.07,89.34,55.51,41.51,175.15,84.07,117.67,39.45,184.65,154.54,112.34,27.02,193.62,97.98,98.86,42.88,27.78,58.64,96.10,84.68,119.08,63.96,172.15,127.47,60.69,55.35,96.02,128.82,115.74,140.00,111.09,67.22,238.48,37.15,60.41,51.26,46.49,122.80,45.50,79.28,100.23,97.72
47.87,77.88,147.79,57.54,108.67,139.23,139.50,50.59,62.16,74.08,92.61,114.86,261.10,64.81,108.98,64.83,185.23,109.49,61.68,21.51,178.45,75.81,136.67,92.97,73.88,0.00,80.66,17.05,64.83,6.90,191.65,177.03,48.80,20.24,20.35,32.70,140.25,69.95,55.37,125.26,122.47,47.03,118.13,95.83,75.98,86.02,27.17,113.79,102.85,132.01,50.75,38.41,197.55,72.84,57.45,147.71,78.29,56.10,53.51,29.76,111.93,64.71,106.02,85.27,183.77,97.30,113.64,83.53,88.15,64.91,134.14,35.10,162.16,114.12,95.28,35.58,24.87,10.80,48.77,17.34,101.14,186.24,74.43,32.91,26.51,58.88,175.22,80.52,49.39,126.70,167.65,42.84,70.04,110.74,114.17,63.32,51.79,15.14,31.06,87.98
124.38,30.21,219.80,138.20,40.32,215.14,69.73,128.08,142.82,27.60,159.40,182.24,194.31,145.47,183.46,145.37,113.01,38.16,142.33,67.72,111.65,31.03,210.61,173.62,151.37,80.66,0.00,69.15,20.55,80.73,117.71,250.97,129.46,73.71,89.39,72.23,207.04,76.71,64.19,194.36,43.01,37.81,198.79,162.62,156.64,28.53,75.33,41.59,31.37,65.22,51.61,119.07,277.01,153.49,45.21,222.39,55.07,132.70,134.17,73.96,185.01,131.50,39.23,165.92,259.89,177.96,45.51,61.01,168.80,135.46,67.35,87.49,236.26,193.16,173.96,111.44,56.74,76.92,44.28,91.44,32.70,262.45,155.08,113.57,82.02,44.85,242.01,79.07,91.95,193.49,88.91,122.29,150.69,180.88,194.83,45.80,129.60,94.60,58.69,168.64
57.06,78.73,156.35,74.59,107.96,153.04,137.37,61.55,79.21,74.39,91.83,116.44,261.95,81.86,116.93,81.76,180.65,105.80,78.73,11.63,179.30,76.67,144.81,110.02,87.47,17.05,69.15,0.00,55.84,17.59,185.05,185.17,65.85,17.86,22.07,24.29,139.40,70.80,56.23,128.56,105.83,43.23,135.18,94.98,93.03,86.46,27.61,109.23,99.01,132.86,42.14,55.46,214.19,89.89,58.30,159.41,79.14,69.88,70.56,30.61,122.40,63.86,106.87,102.32,193.36,114.35,113.15,82.11,105.20,70.83,134.99,35.95,170.30,130.35,109.72,47.84,13.56,11.97,35.90,28.30,100.34,199.63,91.48,49.96,27.35,53.54,174.52,81.37,50.24,127.43,151.83,59.48,87.09,115.08,131.22,64.17,65.99,31.78,31.91,105.03
107.37,22.89,207.07,122.27,52.12,202.82,81.53,112.07,123.64,18.54,147.60,169.86,206.11,126.30,168.97,126.20,124.99,49.96,123.16,55.09,123.45,20.82,196.92,154.45,135.66,64.83,20.55,55.84,0.00,63.60,131.41,237.28,110.29,54.54,68.84,51.68,195.24,57.54,45.01,180.67,57.63,22.32,179.62,150.82,138.93,34.38,60.71,53.54,45.77,77.02,31.06,99.90,262.38,134.32,26.03,209.17,35.90,118.07,115.00,55.83,172.17,119.70,51.03,146.75,244.02,158.79,57.31,41.84,149.63,122.73,79.15,68.31,222.40,178.54,155.69,92.27,45.39,61.48,25.62,77.08,44.50,248.05,135.91,94.39,62.85,25.68,230.21,59.90,72.78,181.69,102.82,107.67,131.52,167.19,178.56,26.63,110.42,79.97,40.62,149.47
52.79,76.91,149.53,61.68,110.35,140.96,135.89,57.49,62.09,75.76,93.58,115.83,260.13,64.74,112.87,64.64,181.62,105.88,61.60,23.06,177.48,74.85,140.28,95.67,80.78,6.90,80.73,17.59,63.60,0.00,188.27,180.65,48.73,16.63,22.04,31.74,141.22,68.98,56.75,126.23,118.22,47.74,118.06,96.79,78.35,89.38,30.52,110.18,102.82,131.04,49.78,38.53,201.80,72.77,57.18,151.80,77.32,61.34,53.44,31.50,110.90,65.67,105.06,85.19,189.30,97.23,111.34,80.29,88.07,69.17,133.18,34.13,165.77,121.02,100.37,33.20,25.61,9.89,47.80,18.04,98.52,191.68,74.36,32.84,28.19,57.91,176.19,79.56,48.42,127.67,163.86,47.13,69.96,111.70,117.98,62.92,49.22,19.39,32.68,87.91
238.38,123.22,329.78,240.08,87.94,329.00,88.35,242.07,241.64,126.18,276.82,299.96,76.89,236.72,300.38,241.99,13.75,109.03,233.59,180.47,62.54,122.28,328.32,277.56,262.66,191.65,117.71,185.05,131.41,188.27,0.00,368.69,220.71,171.81,186.23,173.14,324.45,167.97,157.55,312.08,97.84,145.61,293.69,280.03,257.39,134.01,179.04,86.84,92.82,150.77,155.64,218.23,384.93,248.53,143.58,339.36,146.33,243.78,226.96,174.11,297.98,248.91,111.00,257.18,375.43,274.84,86.93,152.26,260.05,248.76,113.39,178.74,353.81,300.75,280.14,214.09,172.49,183.79,149.15,203.40,101.53,377.89,246.34,209.47,175.71,141.46,359.42,170.32,183.21,310.94,48.44,229.82,241.95,298.60,296.38,144.90,227.43,198.06,162.48,259.89
137.73,253.93,44.11,137.06,282.38,42.14,316.54,126.62,148.10,248.81,97.45,86.78,438.09,222.40,68.31,139.09,362.27,286.53,233.99,191.21,353.72,251.42,41.92,91.14,115.79,177.03,250.97,185.17,237.28,180.65,368.69,0.00,184.36,197.27,189.84,196.69,87.01,245.22,230.65,80.45,282.48,223.73,104.77,117.61,129.93,255.95,200.86,290.82,279.89,307.28,214.74,157.85,37.53,142.45,232.72,29.96,253.56,124.91,147.51,205.03,70.71,127.71,281.29,199.87,20.04,103.99,290.67,260.56,228.13,124.74,309.42,210.37,19.21,80.03,95.52,163.73,196.63,187.72,221.00,165.29,278.18,24.17,176.49,161.37,202.04,234.85,43.32,255.79,224.66,70.72,328.81,139.66,176.20,95.59,89.56,238.59,151.53,186.70,206.33,213.51
56.96,99.57,154.67,47.30,141.67,142.85,147.33,59.27,42.93,101.86,101.70,123.96,269.08,38.04,118.07,52.30,210.24,124.42,51.53,69.84,173.72,98.43,144.92,93.22,68.57,48.80,129.46,65.85,110.29,48.73,220.71,184.36,0.00,55.75,45.18,68.35,149.34,74.14,65.28,134.35,158.88,91.66,83.07,104.92,54.87,106.71,56.89,140.18,142.53,122.91,90.62,26.51,188.54,43.33,84.26,156.73,82.24,62.88,36.85,55.51,118.76,73.80,112.33,36.46,186.24,81.26,136.30,91.45,43.77,73.65,126.23,43.47,167.43,104.33,88.84,29.07,73.67,53.88,89.77,38.03,119.19,194.77,25.62,24.38,47.44,84.61,184.31,74.58,47.47,135.79,204.18,44.71,23.51,119.83,94.80,83.66,39.19,42.30,70.77,39.18
66.97,60.87,162.58,71.74,95.83,157.59,119.52,70.66,69.93,60.46,109.62,131.87,244.09,71.76,128.97,73.63,164.99,89.25,68.62,14.09,161.44,58.81,156.91,106.15,91.25,20.24,73.71,17.86,54.54,16.63,171.81,197.27,55.75,0.00,20.47,17.07,157.26,52.94,40.88,142.27,108.16,36.15,125.35,112.83,88.40,76.38,17.52,93.55,90.40,115.00,34.98,48.59,213.11,80.18,44.18,167.95,61.28,72.37,60.46,18.68,126.68,81.71,89.02,92.21,204.02,106.50,95.30,64.25,95.09,81.56,117.14,18.10,182.40,131.25,110.60,43.83,17.92,16.19,34.02,32.61,82.48,206.48,81.37,39.86,12.33,41.46,192.22,63.52,32.38,143.70,153.34,58.22,76.98,127.74,128.04,49.92,59.08,29.45,20.14,94.93
61.14,71.67,168.15,71.94,105.95,159.12,126.69,63.45,72.31,71.60,107.35,128.14,248.25,61.19,122.25,74.40,178.90,99.98,58.94,32.22,165.17,67.46,149.98,106.38,87.85,20.35,89.39,22.07,68.84,22.04,186.23,189.84,45.18,20.47,0.00,23.16,153.52,61.25,42.10,138.53,113.70,56.63,125.55,109.10,88.61,91.98,32.03,111.75,110.87,118.73,45.44,48.89,215.59,80.38,58.68,165.86,65.02,72.94,55.14,32.32,132.28,77.98,92.75,81.65,196.59,106.70,102.06,70.72,84.52,83.15,120.87,21.83,174.97,128.57,105.77,50.00,34.33,22.36,46.87,37.69,88.33,204.34,70.81,40.22,13.29,45.67,188.49,67.46,36.12,139.97,158.99,60.48,67.69,124.01,128.24,64.42,62.59,29.65,36.23,84.36
66.34,62.06,176.91,88.81,96.90,171.93,120.49,75.99,87.00,62.55,116.12,130.89,245.07,84.35,130.98,90.70,165.62,89.88,81.22,25.86,162.42,59.79,162.79,120.72,102.21,32.70,72.23,24.29,51.68,31.74,173.14,196.69,68.35,17.07,23.16,0.00,156.28,53.92,39.35,141.29,91.09,39.47,142.42,111.86,105.48,81.83,27.25,98.41,94.34,115.98,24.17,65.66,228.93,97.25,49.63,178.28,62.26,84.62,73.05,23.27,141.28,83.58,89.99,104.81,208.48,123.57,96.27,65.23,107.69,91.91,118.12,26.37,186.38,145.08,122.24,59.39,17.18,31.13,29.72,46.46,83.46,217.15,93.97,55.91,20.90,38.20,191.25,64.49,33.36,147.76,136.27,74.21,89.58,127.85,145.11,55.37,76.15,46.52,24.62,107.52
92.38,218.13,61.82,102.04,247.36,65.12,276.77,90.07,113.08,213.79,50.42,25.39,401.35,187.38,31.27,102.19,320.05,245.20,198.98,145.14,318.70,216.07,51.82,56.12,80.77,140.25,207.04,139.40,195.24,141.22,324.45,87.01,149.34,157.26,153.52,156.28,0.00,210.20,195.63,14.99,234.09,182.63,69.75,47.20,94.91,220.93,165.85,248.63,238.41,272.26,172.48,122.83,119.99,107.43,197.70,69.12,218.54,86.47,112.49,170.02,32.83,76.44,246.27,164.85,107.05,68.91,252.55,221.51,193.12,75.70,274.40,175.35,75.00,46.13,60.51,122.16,151.96,142.45,175.30,124.65,239.74,107.77,141.47,124.97,166.75,192.94,43.68,220.78,189.64,21.28,277.55,104.64,141.18,31.86,54.54,203.57,111.89,151.68,171.31,178.49
117.82,46.50,215.53,108.16,88.92,203.71,91.09,120.13,97.24,49.12,162.56,184.81,214.60,68.76,178.93,108.01,157.66,60.21,65.62,66.22,126.86,45.68,205.78,154.08,132.18,69.95,76.71,70.80,57.54,68.98,167.97,245.22,74.14,52.94,61.25,53.92,210.20,0.00,19.87,195.21,106.13,38.91,151.64,165.78,119.21,57.71,44.36,85.71,89.78,62.06,37.87,87.37,252.71,111.89,31.51,217.59,33.67,123.73,97.71,42.84,179.62,134.66,62.88,89.21,247.10,141.29,89.13,24.83,92.09,134.50,81.99,41.92,228.28,170.26,149.70,88.04,58.24,67.75,37.03,85.55,71.23,255.62,91.25,85.23,47.96,36.67,245.17,10.82,32.90,196.65,151.43,105.56,89.86,180.69,161.92,36.72,98.31,58.52,38.89,91.92
103.24,43.66,202.85,98.43,76.39,190.70,91.69,105.55,99.91,37.08,147.99,170.24,213.44,81.28,164.36,107.94,151.42,68.50,79.76,51.81,123.07,37.57,191.20,139.77,118.82,55.37,64.19,56.23,45.01,56.75,157.55,230.65,65.28,40.88,42.10,39.35,195.63,19.87,0.00,180.64,93.61,29.14,147.44,151.20,115.65,57.38,41.53,84.27,83.39,76.63,25.34,77.92,243.19,103.25,25.45,203.01,26.26,109.16,86.12,31.13,166.99,120.08,56.70,101.74,232.52,136.91,73.85,35.82,104.62,119.93,78.77,27.41,213.71,156.90,136.29,84.71,43.67,57.07,24.50,72.40,58.39,241.05,90.90,74.93,28.88,19.33,230.59,26.08,27.77,182.07,138.90,93.28,88.51,166.11,153.65,29.49,94.83,60.73,26.14,104.45
82.03,203.14,58.20,87.05,232.37,58.56,261.79,75.09,98.09,198.80,39.88,13.00,386.36,172.39,20.74,87.20,305.66,230.21,183.99,134.60,303.71,201.08,45.26,41.13,65.79,125.26,194.36,128.56,180.67,126.23,312.08,80.45,134.35,142.27,138.53,141.29,14.99,195.21,180.64,0.00,223.55,167.64,54.76,37.95,79.92,205.94,150.86,234.21,223.42,257.27,157.50,107.85,113.43,92.44,182.71,62.56,203.55,71.48,97.51,155.03,26.27,65.89,231.29,149.86,100.49,53.92,237.57,206.52,178.13,64.83,259.41,160.36,68.44,39.57,45.52,107.17,140.02,131.11,164.39,109.66,224.75,101.21,126.48,109.98,151.76,178.24,53.25,205.79,174.65,17.28,269.41,89.65,126.19,20.12,43.54,188.58,96.91,136.69,156.32,163.50
154.66,60.39,262.18,179.90,25.47,257.10,48.52,165.93,178.09,62.61,192.46,211.43,173.09,174.89,217.99,181.78,91.79,47.20,171.75,107.44,90.44,60.45,247.03,211.81,193.29,122.47,43.01,105.83,57.63,118.22,97.84,282.48,158.88,108.16,113.70,91.09,234.09,106.13,93.61,223.55,0.00,79.95,233.50,186.90,196.56,71.54,118.34,25.21,28.00,88.94,75.98,156.75,320.02,188.34,83.39,265.24,84.50,175.71,163.59,113.46,228.02,161.10,49.17,195.34,296.87,214.65,24.30,90.43,198.22,176.66,51.56,116.91,272.75,236.17,213.32,149.27,99.01,115.88,74.21,134.13,39.69,305.46,184.50,147.00,111.44,74.27,269.51,108.49,121.37,228.05,55.07,165.30,180.11,211.76,236.20,83.86,167.24,137.61,98.25,198.06
93.56,35.50,187.96,100.39,69.36,184.04,94.14,97.11,105.01,34.77,134.99,157.25,218.72,107.66,155.42,107.56,138.54,62.80,104.53,38.65,136.06,33.43,183.36,138.32,119.47,47.03,37.81,43.23,22.32,47.74,145.61,223.73,91.66,36.15,56.63,39.47,182.63,38.91,29.14,167.64,79.95,0.00,160.99,138.21,118.83,43.31,38.39,67.10,56.16,89.63,18.85,81.26,240.06,115.69,15.07,194.40,35.91,100.03,96.36,37.26,153.02,107.09,63.64,128.12,230.47,140.15,70.14,38.88,131.00,106.93,91.76,49.68,208.85,159.71,141.20,74.12,30.67,43.16,14.94,58.44,57.11,232.93,117.28,75.76,47.30,15.26,217.60,41.26,54.15,169.08,125.14,85.82,112.89,153.64,157.03,20.94,91.79,57.65,21.82,130.83
92.91,173.63,75.08,60.60,211.00,63.25,229.97,76.14,62.85,171.19,54.41,53.83,351.53,117.63,38.48,58.77,286.20,201.68,129.23,139.17,256.80,173.87,65.32,25.17,50.45,118.13,198.79,135.18,179.62,118.06,293.69,104.77,83.07,125.35,125.55,142.42,69.75,151.64,147.44,54.76,233.50,160.99,0.00,84.66,42.79,176.24,126.42,210.22,211.86,205.07,159.95,79.72,108.95,45.30,153.59,77.14,165.11,70.01,70.75,124.84,39.17,91.97,194.61,95.10,106.64,21.86,217.66,174.00,123.37,76.18,209.30,124.84,87.83,24.74,25.47,89.43,143.00,123.21,159.29,107.36,199.77,115.17,71.72,86.50,127.74,165.20,104.72,156.44,130.55,56.20,278.69,81.93,71.43,61.60,15.21,152.99,71.13,111.83,140.10,108.74
53.38,173.71,92.43,57.62,202.93,95.73,232.35,45.65,68.66,169.36,30.27,32.50,356.92,142.96,57.91,57.77,275.63,200.78,154.55,99.56,274.27,171.64,82.43,59.49,36.35,95.83,162.62,94.98,150.82,96.79,280.03,117.61,104.92,112.83,109.10,111.86,47.20,165.78,151.20,37.95,186.90,138.21,84.66,0.00,50.49,176.51,121.42,204.21,193.98,227.83,128.06,78.41,150.60,63.00,153.28,99.73,174.12,42.04,68.07,125.59,63.44,31.12,201.85,120.42,137.66,63.83,208.13,177.09,148.69,31.27,229.97,130.93,105.60,76.74,59.20,77.74,107.54,98.03,130.88,80.23,195.31,138.38,97.04,80.54,122.32,148.52,86.53,176.35,145.21,51.88,237.43,60.21,96.76,28.03,80.70,159.15,67.47,107.25,126.88,134.07
50.76,136.17,100.24,20.00,173.43,88.42,197.54,33.99,24.71,134.17,47.27,69.52,319.10,92.47,63.64,20.09,249.26,167.53,104.06,97.01,224.37,137.81,90.49,40.53,14.14,75.98,156.64,93.03,138.93,78.35,257.39,129.93,54.87,88.40,88.61,105.48,94.91,119.21,115.65,79.92,196.56,118.83,42.79,50.49,0.00,134.90,83.75,172.63,169.71,177.35,121.63,39.82,134.11,17.60,115.56,102.30,133.32,27.86,33.81,84.52,64.33,49.81,162.18,69.94,131.81,32.32,180.72,141.57,98.20,34.03,179.49,90.02,112.99,51.06,34.41,48.73,100.85,81.06,122.35,65.20,164.51,140.33,46.56,49.56,93.18,128.26,129.88,125.86,98.12,81.36,241.75,39.78,46.27,65.40,44.35,114.59,32.53,69.41,98.31,83.58
133.70,20.31,226.26,127.55,50.05,214.44,72.98,134.73,124.78,21.15,173.29,195.54,194.53,121.09,190.86,135.26,124.24,42.97,117.95,76.94,100.35,25.95,216.51,173.78,142.36,86.02,28.53,86.46,34.38,89.38,134.01,255.95,106.71,76.38,91.98,81.83,220.93,57.71,57.38,205.94,71.54,43.31,176.24,176.51,134.90,0.00,61.39,47.27,43.54,51.33,59.51,108.57,260.13,135.38,36.24,228.32,43.03,134.69,127.76,61.64,190.35,145.39,37.62,141.54,259.89,166.84,55.70,53.05,144.42,145.23,53.47,75.33,239.01,178.50,168.27,108.35,72.90,85.33,58.25,100.74,41.13,266.35,130.70,109.69,81.62,52.11,255.90,54.68,72.42,207.38,116.72,116.29,126.31,191.42,176.35,28.32,122.22,81.19,57.21,144.25
74.84,57.95,171.17,70.15,95.14,159.60,117.25,75.88,70.72,60.54,118.21,140.46,238.81,70.51,134.58,73.87,171.04,87.24,67.38,21.86,154.15,59.47,161.42,114.92,93.26,27.17,75.33,27.61,60.71,30.52,179.04,200.86,56.89,17.52,32.03,27.25,165.85,44.36,41.53,150.86,118.34,38.39,126.42,121.42,83.75,61.39,0.00,93.13,90.34,106.41,43.41,51.51,213.79,85.56,37.22,173.23,55.86,79.38,68.99,14.27,135.27,90.30,81.99,90.97,206.02,106.21,102.50,61.28,93.85,90.15,109.28,19.48,184.41,131.34,114.12,49.24,19.33,26.48,44.13,41.89,86.16,211.27,80.13,50.83,21.00,50.04,200.81,54.93,24.39,152.29,163.53,61.21,75.74,136.33,126.53,45.73,61.48,19.80,20.09,93.68
160.52,40.92,253.96,160.93,13.27,251.14,28.14,164.21,154.81,49.34,200.99,223.25,152.72,154.46,222.52,156.57,77.91,26.77,151.33,104.65,70.70,46.69,250.46,199.70,184.80,113.79,41.59,109.23,53.54,110.18,86.84,290.82,140.18,93.55,111.75,98.41,248.63,85.71,84.27,234.21,25.21,67.10,210.22,204.21,172.63,47.27,93.13,0.00,10.94,68.51,77.78,137.49,305.34,169.49,62.79,261.50,66.57,165.92,151.35,97.68,220.11,173.09,28.74,174.92,297.57,190.34,13.45,70.00,177.79,172.94,31.20,102.77,275.95,222.89,202.27,127.25,96.67,106.18,73.33,125.53,25.87,300.03,164.08,130.22,102.42,66.73,283.60,88.06,100.95,235.08,70.40,151.77,159.69,220.74,216.98,65.64,142.03,112.39,84.62,177.63
149.58,43.28,243.74,153.19,16.96,240.20,38.37,153.27,155.88,47.65,190.77,213.02,162.94,158.54,211.58,158.43,82.38,30.84,155.40,94.42,80.29,45.81,239.52,192.56,174.80,102.85,31.37,99.01,45.77,102.82,92.82,279.89,142.53,90.40,110.87,94.34,238.41,89.78,83.39,223.42,28.00,56.16,211.86,193.98,169.71,43.54,90.34,10.94,0.00,72.58,73.10,133.14,294.40,167.97,58.27,250.56,68.14,155.36,150.38,91.51,209.18,162.87,32.81,178.99,286.63,191.03,17.73,74.08,181.87,162.71,35.99,101.89,265.01,215.03,195.45,124.60,86.45,96.72,69.64,114.60,25.00,289.09,168.15,128.50,101.55,65.85,273.38,92.14,105.02,224.86,73.18,141.14,163.76,209.80,209.24,60.91,142.66,109.61,76.07,181.71
179.88,54.13,277.58,170.22,71.73,265.76,62.42,182.18,159.18,58.47,224.62,246.87,183.66,106.22,240.99,170.07,140.29,41.74,100.61,128.27,88.23,56.19,267.83,216.14,191.48,132.01,65.22,132.86,77.02,131.04,150.77,307.28,122.91,115.00,118.73,115.98,272.26,62.06,76.63,257.27,88.94,89.63,205.07,227.83,177.35,51.33,106.41,68.51,72.58,0.00,99.77,149.42,311.46,165.32,74.56,279.64,53.72,185.79,159.76,102.24,241.68,196.71,39.77,125.69,309.15,203.35,66.27,50.75,112.96,196.56,37.77,96.90,290.34,227.25,211.75,150.10,120.30,129.80,96.95,147.61,49.24,317.68,136.77,147.29,105.51,79.31,307.22,51.48,82.62,258.70,134.23,167.62,139.54,242.74,217.72,68.69,160.36,120.58,100.95,118.93
82.73,45.65,194.76,104.97,74.87,189.97,104.29,94.04,103.99,41.30,133.97,147.10,228.86,106.63,149.03,106.85,149.22,73.48,103.49,43.72,146.21,43.58,180.83,137.23,118.70,50.75,51.61,42.14,31.06,49.78,155.64,214.74,90.62,34.98,45.44,24.17,172.48,37.87,25.34,157.50,75.98,18.85,159.95,128.06,121.63,59.51,43.41,77.78,73.10,99.77,0.00,81.81,246.45,114.65,27.31,196.33,46.06,101.67,95.33,38.53,159.33,101.43,73.79,127.08,226.53,139.72,80.07,49.03,129.96,109.77,101.91,48.65,204.42,161.24,138.39,76.62,34.02,48.98,10.66,64.31,67.25,235.20,116.24,74.73,43.18,21.80,207.45,48.29,53.11,165.61,120.12,91.34,111.85,145.71,161.26,33.05,92.31,62.67,23.71,129.80
30.45,100.90,128.16,23.44,134.27,116.34,163.06,32.76,25.82,96.93,75.20,97.45,284.61,64.55,91.57,32.55,210.77,133.05,76.14,59.45,195.86,98.65,118.41,66.71,47.46,38.41,119.07,55.46,99.90,38.53,218.23,157.85,26.51,48.59,48.89,65.66,122.83,87.37,77.92,107.85,156.75,81.26,79.72,78.41,39.82,108.57,51.51,137.49,133.14,149.42,81.81,0.00,167.99,34.83,78.25,130.22,97.62,36.37,19.43,52.49,92.26,47.29,127.69,46.85,160.22,63.33,140.90,107.08,70.28,47.14,151.56,52.85,140.92,85.54,64.93,13.74,63.28,43.49,82.53,27.63,125.35,168.26,36.01,9.75,54.02,88.44,157.80,97.94,66.80,109.28,201.93,18.20,31.62,93.32,79.49,82.15,19.51,37.17,60.38,55.66
172.13,268.44,58.17,146.77,300.97,62.92,331.05,154.09,155.48,261.71,127.55,119.76,452.60,226.58,102.03,153.60,376.78,301.04,238.17,212.57,357.89,265.93,72.99,109.21,127.74,197.55,277.01,214.19,262.38,201.80,384.93,37.53,188.54,213.11,215.59,228.93,119.99,252.71,243.19,113.43,320.02,240.06,108.95,150.60,134.11,260.13,213.79,305.34,294.40,311.46,246.45,167.99,0.00,146.63,245.73,54.78,265.61,144.77,160.45,212.06,92.00,159.73,295.68,204.05,23.14,118.50,306.47,275.07,232.31,143.36,313.59,218.52,47.26,88.77,109.82,178.25,221.00,204.20,245.80,185.89,292.69,14.55,180.67,175.89,220.72,254.57,76.31,259.97,231.62,98.71,365.20,155.11,180.38,127.53,93.74,242.77,166.04,199.81,222.73,217.69
47.62,132.91,112.76,15.42,165.70,100.93,190.23,30.84,21.99,125.90,59.79,82.04,311.78,79.96,76.16,17.91,242.77,160.95,91.55,93.87,217.05,128.71,103.00,51.31,26.65,72.84,153.49,89.89,134.32,72.77,248.53,142.45,43.33,80.18,80.38,97.25,107.43,111.89,103.25,92.44,188.34,115.69,45.30,63.00,17.60,135.38,85.56,169.49,167.97,165.32,114.65,34.83,146.63,0.00,110.04,114.82,124.79,24.71,25.59,79.54,76.85,46.67,154.86,57.42,144.32,43.99,172.50,134.25,85.69,31.73,169.55,79.75,125.51,62.42,46.92,48.58,97.70,77.91,114.12,62.06,154.60,152.85,34.04,41.34,82.58,120.04,142.39,116.69,90.80,93.88,233.52,36.64,33.75,77.91,53.26,107.69,30.28,70.97,94.80,71.06
105.32,26.21,203.03,98.97,59.94,191.54,85.32,107.63,102.73,25.58,150.06,172.32,206.87,100.26,166.43,105.31,136.09,55.30,97.13,53.72,120.99,23.76,193.28,141.58,125.20,57.45,45.21,58.30,26.03,57.18,143.58,232.72,84.26,44.18,58.68,49.63,197.70,31.51,25.45,182.71,83.39,15.07,153.59,153.28,115.56,36.24,37.22,62.79,58.27,74.56,27.31,78.25,245.73,110.04,0.00,205.09,20.84,111.23,95.73,35.86,167.12,122.16,49.95,120.72,237.96,134.32,67.55,29.34,123.60,122.00,76.69,44.22,216.34,163.28,142.67,80.67,45.74,55.25,26.05,73.05,49.66,243.13,109.88,77.49,45.39,19.49,232.67,33.86,46.75,184.15,128.58,93.07,105.49,168.19,154.94,10.86,90.98,56.33,26.39,123.43
119.33,225.52,14.15,109.43,254.75,15.67,287.21,102.46,120.47,221.17,72.77,68.89,408.76,194.77,47.30,109.76,332.94,257.20,206.36,161.88,326.08,223.45,18.99,63.51,89.09,147.71,222.39,159.41,209.17,151.80,339.36,29.96,156.73,167.95,165.86,178.28,69.12,217.59,203.01,62.56,265.24,194.40,77.14,99.73,102.30,228.32,173.23,261.50,250.56,279.64,196.33,130.22,54.78,114.82,205.09,0.00,225.93,95.58,119.88,177.40,41.61,107.03,253.66,172.24,43.79,76.30,261.34,231.24,200.50,94.78,281.78,182.74,14.45,52.40,68.38,134.41,167.31,158.40,194.35,135.96,248.85,40.22,148.86,132.35,174.14,205.52,27.58,228.16,197.03,47.85,310.42,112.02,148.57,76.67,61.93,210.96,122.20,159.06,178.70,185.88
126.16,25.96,223.87,118.85,67.28,212.05,67.82,128.47,117.58,31.32,170.90,193.15,189.01,93.80,187.27,122.27,135.85,50.80,95.60,74.56,100.16,24.04,214.12,162.42,145.08,78.29,55.07,79.14,35.90,77.32,146.33,253.56,82.24,61.28,65.02,62.26,218.54,33.67,26.26,203.55,84.50,35.91,165.11,174.12,133.32,43.03,55.86,66.57,68.14,53.72,46.06,97.62,265.61,124.79,20.84,225.93,0.00,132.07,106.05,55.74,187.96,143.00,38.39,117.18,257.84,151.23,61.83,17.54,113.73,142.84,55.86,47.09,236.62,183.16,162.55,99.04,66.58,76.09,43.24,93.89,44.80,263.97,104.91,93.57,51.79,25.60,253.51,31.66,37.58,204.99,129.79,113.90,104.35,189.03,174.82,25.33,109.16,75.05,47.23,113.56
28.34,131.66,95.21,15.57,161.25,88.30,191.63,11.68,26.61,127.32,38.83,61.08,314.88,100.92,57.58,16.59,237.36,161.62,112.51,70.84,232.23,129.60,84.54,44.84,21.42,56.10,132.70,69.88,118.07,61.34,243.78,124.91,62.88,72.37,72.94,84.62,86.47,123.73,109.16,71.48,175.71,100.03,70.01,42.04,27.86,134.69,79.38,165.92,155.36,185.79,101.67,36.37,144.77,24.71,111.23,95.58,132.07,0.00,26.03,83.55,59.35,21.95,159.81,78.38,133.49,49.18,166.09,135.65,106.65,10.77,187.93,88.89,110.03,62.08,45.95,39.19,76.70,65.24,101.49,44.51,153.27,134.11,55.00,38.50,80.28,109.94,121.43,134.31,103.17,72.92,220.89,19.75,54.71,56.95,66.05,117.10,26.62,65.21,84.84,92.02
28.29,110.65,117.82,17.15,147.72,106.00,171.44,22.42,17.17,111.56,64.86,87.11,293.00,74.89,81.23,23.33,218.91,141.43,86.48,74.54,206.20,106.34,108.07,56.37,39.07,53.51,134.17,70.56,115.00,53.44,226.96,147.51,36.85,60.46,55.14,73.05,112.49,97.71,86.12,97.51,163.59,96.36,70.75,68.07,33.81,127.76,68.99,151.35,150.38,159.76,95.33,19.43,160.45,25.59,95.73,119.88,106.05,26.03,0.00,69.78,81.92,36.95,136.08,52.35,151.83,54.39,146.91,115.47,80.62,36.80,161.90,62.86,130.58,77.16,56.54,30.98,78.38,59.50,94.48,42.73,133.08,157.92,28.97,21.88,60.27,94.45,147.46,108.28,77.14,98.94,208.88,17.31,28.69,82.98,73.44,100.55,15.49,54.65,75.48,66.00
77.63,61.10,175.59,71.30,89.88,163.52,121.17,79.94,75.56,50.85,122.38,144.63,242.73,71.51,138.75,83.77,170.96,91.16,68.38,26.03,148.68,56.60,165.59,115.21,89.34,29.76,73.96,30.61,55.83,31.50,174.11,205.03,55.51,18.68,32.32,23.27,170.02,42.84,31.13,155.03,113.46,37.26,124.84,125.59,84.52,61.64,14.27,97.68,91.51,102.24,38.53,52.49,212.06,79.54,35.86,177.40,55.74,83.55,69.78,0.00,139.73,94.47,85.81,91.97,206.91,113.74,98.52,65.20,94.85,94.32,104.38,16.84,188.10,127.42,109.51,59.13,18.17,29.81,39.24,45.37,82.81,215.44,81.13,53.74,19.99,45.16,204.98,50.76,21.75,156.46,158.65,66.02,76.74,140.50,122.74,35.19,69.92,33.47,15.44,94.68
84.53,187.55,38.63,71.46,220.60,34.23,246.20,68.88,82.50,186.00,35.55,32.60,370.77,156.81,13.40,71.61,291.56,215.82,168.40,122.27,288.12,185.49,30.35,27.22,55.51,111.93,185.01,122.40,172.17,110.90,297.98,70.71,118.76,126.68,132.28,141.28,32.83,179.62,166.99,26.27,228.02,153.02,39.17,63.44,64.33,190.35,135.27,220.11,209.18,241.68,159.33,92.26,92.00,76.85,167.12,41.61,187.96,59.35,81.92,139.73,0.00,70.74,215.70,134.27,84.47,38.33,221.98,190.93,162.54,58.34,243.82,144.77,55.83,17.10,34.79,93.02,129.42,117.01,157.35,95.10,209.16,81.49,110.89,94.39,138.44,167.45,65.55,190.20,159.06,17.03,273.40,74.06,110.60,40.38,23.96,172.99,81.32,121.10,140.85,147.91
